year,firstday,lastday
2015,186,276
2016,178,304
2017,133,249
2018,174,281
2019,046,258
2020,175,261
2021,165,258
2022,186,259
2023,120,261
2024,134,279
2025,158,288
2026,122,280
2027,131,345
2028,183,274
2029,139,265
2030,153,261
2031,137,322
2032,170,343
2033,135,285
2034,102,267
2035,133,275
2036,185,329
2037,180,323
2038,144,295
2039,135,236
2040,181,275
2041,183,248
2042,124,307
2043,145,333
2044,143,291
2045,136,252
2046,178,253
2047,169,282
2048,044,294
2049,121,310
2050,135,261
2051,140,269
2052,125,347
2053,135,333
2054,132,277
2055,132,279
2056,151,276
2057,134,267
2058,166,276
2059,167,268
2060,180,330
2061,171,271
2062,117,272
2063,119,289
2064,156,323
2065,128,273
2066,157,335
2067,173,331
2068,019,277
2069,138,295
2070,155,294
2071,152,279
2072,143,317
2073,141,289
2074,152,271
2075,125,289
2076,164,267
2077,141,278
2078,123,278
2079,156,289
2080,132,270
2081,157,250
2082,138,276
2083,130,302
2084,150,304
2085,118,276
2086,139,292
2087,131,292
2088,151,281
2089,129,315
2090,126,294
2091,146,286
2092,147,330
2093,156,303
2094,135,262
2095,160,292
2096,130,297
2097,134,290
2098,131,284
2099,125,292
2100,147,304
