year,firstday,lastday
2015,153,231
2016,234,251
2017,087,268
2018,175,231
2019,154,345
2020,180,241
2021,142,235
2022,157,265
2023,110,240
2024,133,258
2025,204,247
2026,161,221
2027,182,197
2028,135,261
2029,179,233
2030,185,266
2031,171,239
2032,144,260
2033,142,239
2034,182,259
2035,126,264
2036,154,271
2037,082,228
2038,161,243
2039,159,240
2040,219,257
2041,187,236
2042,162,349
2043,119,202
2044,133,220
2045,153,258
2046,102,246
2047,161,238
2048,122,242
2049,132,253
2050,143,212
2051,180,254
2052,175,240
2053,124,239
2054,139,270
2055,114,264
2056,126,239
2057,176,241
2058,161,237
2059,136,252
2060,198,253
2061,151,243
2062,180,239
2063,072,222
2064,172,236
2065,150,216
2066,149,210
2067,127,256
2068,150,237
2069,178,249
2070,181,271
2071,156,225
2072,157,263
2073,128,202
2074,139,280
2075,151,264
2076,122,218
2077,133,241
2078,145,255
2079,124,252
2080,180,260
2081,186,244
2082,174,245
2083,162,280
2084,145,277
2085,132,363
2086,182,265
2087,144,257
2088,134,266
2089,141,242
2090,065,245
2091,149,283
2092,132,258
2093,102,194
2094,170,248
2095,174,255
2096,170,253
2097,129,258
2098,172,247
2099,139,202
2100,121,259
