year,firstday,lastday
2015,174,207
2016,216,275
2017,182,215
2018,211,248
2019,209,263
2020,169,191
2021,174,191
2022,156,230
2023,089,278
2024,166,255
2025,100,262
2026,183,252
2027,156,196
2028,147,206
2029,165,249
2030,179,232
2031,182,200
2032,148,196
2033,131,356
2034,128,253
2035,134,220
2036,183,268
2037,169,258
2038,186,194
2039,195,247
2040,199,257
2041,156,251
2042,102,225
2043,192,206
2044,160,255
2045,173,196
2046,115,199
2047,177,262
2048,179,256
2049,093,190
2050,182,188
2051,087,236
2052,166,249
2053,180,188
2054,167,209
2055,185,265
2056,219,279
2057,194,269
2058,188,226
2059,203,273
2060,180,267
2061,174,230
2062,189,211
2063,236,275
2064,181,239
2065,180,226
2066,211,217
2067,188,262
2068,179,283
2069,174,250
2070,183,223
2071,209,219
2072,175,271
2073,177,268
2074,202,245
2075,178,259
2076,109,239
2077,182,228
2078,180,258
2079,189,198
2080,183,216
2081,184,207
2082,166,252
2083,087,205
2084,186,250
2085,107,209
2086,207,260
2087,158,175
2088,160,234
2089,128,260
2090,090,265
2091,172,266
2092,176,274
2093,190,276
2094,204,216
2095,192,201
2096,172,258
2097,154,255
2098,107,229
2099,183,251
2100,181,260
