year,firstday,lastday
2015,124,255
2016,130,205
2017,141,257
2018,124,262
2019,137,246
2020,175,264
2021,152,237
2022,148,279
2023,164,246
2024,122,227
2025,133,244
2026,155,274
2027,170,244
2028,128,237
2029,105,266
2030,127,241
2031,141,248
2032,122,361
2033,127,227
2034,147,266
2035,138,250
2036,127,233
2037,137,265
2038,164,286
2039,133,247
2040,095,240
2041,131,232
2042,146,269
2043,131,248
2044,116,206
2045,148,265
2046,124,250
2047,137,272
2048,138,291
2049,125,271
2050,159,269
2051,123,258
2052,149,263
2053,126,267
2054,123,246
2055,144,266
2056,138,228
2057,152,273
2058,185,365
2059,119,260
2060,124,245
2061,130,263
2062,120,281
2063,162,252
2064,139,268
2065,129,352
2066,144,270
2067,179,240
2068,172,217
2069,120,259
2070,162,255
2071,125,285
2072,114,267
2073,135,269
2074,126,248
2075,134,283
2076,126,260
2077,125,254
2078,145,216
2079,143,284
2080,181,246
2081,015,257
2082,142,258
2083,144,261
2084,122,253
2085,164,362
2086,033,264
2087,167,253
2088,177,220
2089,116,276
2090,150,261
2091,121,266
2092,132,366
2093,182,263
2094,132,273
2095,020,247
2096,068,275
2097,145,263
2098,079,268
2099,160,255
2100,007,266
