year,firstday,lastday
2015,170,206
2016,132,278
2017,178,223
2018,167,205
2019,122,230
2020,171,261
2021,125,234
2022,163,206
2023,103,260
2024,149,256
2025,184,218
2026,003,334
2027,134,251
2028,144,230
2029,173,251
2030,172,192
2031,180,254
2032,177,248
2033,125,267
2034,132,192
2035,133,246
2036,186,268
2037,107,264
2038,166,271
2039,157,258
2040,176,258
2041,152,268
2042,159,295
2043,193,268
2044,119,261
2045,158,241
2046,163,207
2047,109,250
2048,175,263
2049,094,190
2050,138,189
2051,153,224
2052,062,248
2053,157,196
2054,140,261
2055,082,269
2056,156,280
2057,193,264
2058,125,245
2059,068,192
2060,176,257
2061,119,237
2062,124,242
2063,191,249
2064,140,261
2065,174,228
2066,147,216
2067,186,253
2068,191,282
2069,172,280
2070,139,233
2071,178,269
2072,143,237
2073,183,268
2074,181,267
2075,109,235
2076,136,310
2077,172,202
2078,164,273
2079,176,284
2080,151,244
2081,146,264
2082,156,275
2083,145,259
2084,097,253
2085,099,225
2086,127,267
2087,138,195
2088,160,270
2089,125,239
2090,143,292
2091,170,264
2092,186,281
2093,189,209
2094,135,212
2095,118,240
2096,133,253
2097,155,220
2098,176,209
2099,185,272
2100,177,281
