year,firstday,lastday
2015,154,256
2016,132,279
2017,144,270
2018,149,247
2019,031,251
2020,134,305
2021,178,259
2022,181,262
2023,162,265
2024,170,294
2025,147,250
2026,139,260
2027,112,274
2028,166,259
2029,181,263
2030,154,270
2031,165,246
2032,170,252
2033,168,281
2034,113,263
2035,132,262
2036,174,271
2037,084,255
2038,155,264
2039,160,271
2040,172,266
2041,036,270
2042,153,257
2043,163,254
2044,155,250
2045,179,270
2046,149,225
2047,009,268
2048,155,270
2049,141,271
2050,143,266
2051,171,295
2052,130,262
2053,129,267
2054,042,272
2055,131,327
2056,183,275
2057,181,264
2058,143,246
2059,131,273
2060,151,276
2061,118,250
2062,138,246
2063,121,278
2064,118,254
2065,134,259
2066,141,274
2067,043,255
2068,120,283
2069,140,334
2070,160,275
2071,093,267
2072,136,286
2073,139,274
2074,162,246
2075,119,260
2076,150,267
2077,154,266
2078,160,257
2079,148,267
2080,115,265
2081,171,265
2082,169,259
2083,153,254
2084,143,284
2085,155,297
2086,148,310
2087,145,274
2088,159,272
2089,146,267
2090,139,269
2091,122,259
2092,147,270
2093,146,276
2094,125,322
2095,126,265
2096,173,278
2097,178,342
2098,176,284
2099,152,267
2100,159,282
