year,firstday,lastday
2015,126,225
2016,112,258
2017,105,250
2018,145,234
2019,190,243
2020,147,259
2021,171,260
2022,176,284
2023,110,268
2024,193,223
2025,179,257
2026,168,270
2027,023,237
2028,088,232
2029,222,234
2030,180,264
2031,164,240
2032,004,243
2033,179,231
2034,194,245
2035,188,258
2036,146,193
2037,078,253
2038,171,272
2039,170,225
2040,022,275
2041,088,278
2042,181,258
2043,130,247
2044,137,256
2045,169,254
2046,096,260
2047,161,253
2048,125,266
2049,179,241
2050,167,261
2051,113,263
2052,190,199
2053,191,252
2054,162,251
2055,184,253
2056,136,274
2057,120,258
2058,137,270
2059,110,243
2060,189,277
2061,090,278
2062,110,268
2063,175,236
2064,183,337
2065,096,238
2066,178,237
2067,154,260
2068,204,244
2069,108,251
2070,126,267
2071,178,259
2072,122,244
2073,156,244
2074,025,265
2075,157,243
2076,090,253
2077,155,244
2078,188,260
2079,167,257
2080,013,250
2081,007,226
2082,169,278
2083,144,217
2084,179,257
2085,106,238
2086,167,242
2087,217,238
2088,142,233
2089,040,268
2090,031,267
2091,180,284
2092,010,271
2093,125,251
2094,103,261
2095,079,228
2096,015,264
2097,078,259
2098,194,248
2099,190,262
2100,157,271
