year,firstday,lastday
2015,157,250
2016,159,251
2017,165,247
2018,146,262
2019,074,225
2020,162,260
2021,177,238
2022,147,240
2023,195,248
2024,169,241
2025,191,199
2026,178,250
2027,175,262
2028,171,281
2029,179,262
2030,166,256
2031,190,219
2032,172,251
2033,187,261
2034,161,266
2035,169,273
2036,195,227
2037,172,246
2038,149,267
2039,179,262
2040,156,238
2041,106,232
2042,203,254
2043,164,258
2044,173,236
2045,145,264
2046,173,273
2047,173,245
2048,190,243
2049,062,266
2050,165,262
2051,146,259
2052,155,269
2053,192,198
2054,187,221
2055,171,191
2056,163,262
2057,053,259
2058,131,252
2059,184,275
2060,163,240
2061,220,256
2062,164,206
2063,154,251
2064,188,254
2065,069,245
2066,157,264
2067,153,239
2068,161,270
2069,238,263
2070,147,272
2071,150,248
2072,177,245
2073,184,191
2074,182,226
2075,180,273
2076,182,250
2077,158,258
2078,170,265
2079,179,242
2080,184,236
2081,139,244
2082,157,261
2083,152,241
2084,167,244
2085,175,272
2086,234,258
2087,184,229
2088,194,267
2089,167,259
2090,176,242
2091,169,251
2092,151,276
2093,173,260
2094,186,245
2095,168,254
2096,182,291
2097,154,280
2098,162,271
2099,184,272
2100,181,249
