year,firstday,lastday
2015,168,240
2016,173,235
2017,182,256
2018,171,277
2019,183,242
2020,190,221
2021,184,238
2022,156,247
2023,158,233
2024,165,263
2025,183,301
2026,192,258
2027,161,214
2028,171,231
2029,157,248
2030,151,228
2031,190,246
2032,183,262
2033,189,210
2034,172,255
2035,176,242
2036,196,203
2037,166,240
2038,155,255
2039,130,225
2040,166,249
2041,043,244
2042,164,282
2043,193,264
2044,154,248
2045,178,253
2046,170,271
2047,147,253
2048,189,236
2049,205,238
2050,150,253
2051,153,266
2052,192,269
2053,154,208
2054,158,238
2055,170,228
2056,137,203
2057,188,263
2058,185,265
2059,181,271
2060,180,243
2061,101,246
2062,160,265
2063,139,275
2064,192,255
2065,182,257
2066,176,255
2067,186,252
2068,175,259
2069,153,310
2070,156,270
2071,166,273
2072,114,258
2073,173,237
2074,182,249
2075,184,266
2076,176,273
2077,128,228
2078,038,292
2079,168,274
2080,100,256
2081,204,260
2082,151,233
2083,185,257
2084,170,276
2085,156,273
2086,179,260
2087,170,250
2088,189,246
2089,172,271
2090,163,237
2091,179,255
2092,136,227
2093,180,278
2094,155,268
2095,172,247
2096,207,263
2097,165,255
2098,185,247
2099,163,251
2100,116,244
