year,firstday,lastday
2015,182,257
2016,132,273
2017,137,267
2018,137,260
2019,129,266
2020,183,263
2021,179,272
2022,182,228
2023,121,257
2024,133,275
2025,154,263
2026,130,264
2027,122,345
2028,168,274
2029,005,266
2030,148,316
2031,134,269
2032,183,266
2033,131,273
2034,182,263
2035,121,252
2036,167,328
2037,177,261
2038,126,269
2039,116,216
2040,142,273
2041,172,297
2042,125,282
2043,124,333
2044,131,291
2045,159,252
2046,084,255
2047,167,282
2048,131,294
2049,129,311
2050,148,261
2051,140,259
2052,125,270
2053,151,274
2054,119,258
2055,132,303
2056,122,270
2057,126,268
2058,152,288
2059,133,268
2060,133,274
2061,139,267
2062,117,266
2063,145,271
2064,155,315
2065,131,274
2066,153,272
2067,142,305
2068,150,280
2069,144,296
2070,157,274
2071,144,280
2072,025,300
2073,129,253
2074,121,281
2075,125,291
2076,128,258
2077,140,278
2078,121,278
2079,144,266
2080,133,269
2081,129,256
2082,135,276
2083,133,302
2084,145,290
2085,116,263
2086,139,273
2087,121,275
2088,151,281
2089,137,315
2090,126,292
2091,143,276
2092,147,266
2093,156,303
2094,150,283
2095,145,280
2096,130,297
2097,129,268
2098,121,284
2099,138,292
2100,142,261
