year,firstday,lastday
2015,172,228
2016,230,240
2017,087,243
2018,196,237
2019,134,219
2020,188,347
2021,185,235
2022,198,227
2023,111,224
2024,193,239
2025,207,275
2026,159,247
2027,181,200
2028,134,248
2029,169,210
2030,176,266
2031,171,247
2032,217,229
2033,142,226
2034,164,259
2035,189,232
2036,195,237
2037,175,228
2038,134,244
2039,160,239
2040,219,225
2041,182,232
2042,187,349
2043,174,203
2044,137,220
2045,151,206
2046,155,248
2047,161,233
2048,175,231
2049,150,240
2050,187,212
2051,156,219
2052,165,244
2053,206,212
2054,183,214
2055,155,264
2056,False,False
2057,177,217
2058,174,207
2059,136,228
2060,194,239
2061,167,243
2062,195,207
2063,125,214
2064,151,177
2065,150,185
2066,144,247
2067,162,205
2068,146,177
2069,186,220
2070,185,342
2071,163,237
2072,174,211
2073,128,148
2074,192,280
2075,151,214
2076,140,218
2077,133,249
2078,199,252
2079,123,209
2080,180,191
2081,160,236
2082,163,209
2083,165,280
2084,145,213
2085,132,229
2086,174,215
2087,144,257
2088,168,229
2089,180,209
2090,171,248
2091,149,207
2092,152,258
2093,177,194
2094,170,248
2095,160,208
2096,191,253
2097,157,189
2098,153,169
2099,171,201
2100,120,259
