year,firstday,lastday
2015,195,206
2016,132,278
2017,178,184
2018,167,194
2019,122,230
2020,171,261
2021,125,234
2022,163,196
2023,165,260
2024,166,256
2025,184,197
2026,003,334
2027,134,251
2028,144,205
2029,237,251
2030,182,192
2031,180,254
2032,177,248
2033,125,267
2034,158,192
2035,170,193
2036,249,261
2037,151,193
2038,166,271
2039,157,244
2040,176,258
2041,152,234
2042,159,262
2043,193,268
2044,119,261
2045,158,218
2046,163,207
2047,109,250
2048,175,263
2049,094,183
2050,180,189
2051,153,224
2052,062,248
2053,157,182
2054,140,261
2055,082,269
2056,156,280
2057,236,264
2058,125,226
2059,122,192
2060,176,257
2061,119,237
2062,184,199
2063,191,249
2064,153,261
2065,174,228
2066,189,216
2067,186,253
2068,234,255
2069,172,280
2070,184,233
2071,230,261
2072,143,237
2073,183,268
2074,181,267
2075,109,235
2076,185,205
2077,195,202
2078,164,258
2079,176,284
2080,151,244
2081,146,229
2082,156,275
2083,194,226
2084,097,253
2085,106,225
2086,191,267
2087,138,195
2088,160,270
2089,125,195
2090,143,292
2091,177,264
2092,186,281
2093,189,209
2094,135,212
2095,118,203
2096,133,219
2097,210,220
2098,176,209
2099,185,272
2100,177,194
