year,firstday,lastday
2015,126,225
2016,112,258
2017,112,250
2018,194,234
2019,223,243
2020,147,259
2021,171,260
2022,184,261
2023,110,268
2024,201,223
2025,179,257
2026,168,255
2027,023,237
2028,179,232
2029,222,234
2030,180,264
2031,164,240
2032,107,243
2033,179,231
2034,194,245
2035,188,258
2036,146,193
2037,078,242
2038,171,272
2039,170,225
2040,022,255
2041,099,278
2042,181,258
2043,168,247
2044,168,256
2045,169,254
2046,110,260
2047,161,253
2048,174,266
2049,179,241
2050,167,261
2051,113,263
2052,190,199
2053,191,252
2054,162,251
2055,194,253
2056,136,274
2057,120,258
2058,137,270
2059,221,229
2060,200,261
2061,090,260
2062,171,268
2063,210,236
2064,183,337
2065,096,238
2066,178,237
2067,154,260
2068,204,244
2069,108,251
2070,126,267
2071,178,259
2072,122,244
2073,156,224
2074,025,225
2075,157,243
2076,166,253
2077,181,244
2078,188,250
2079,167,257
2080,169,250
2081,007,226
2082,176,249
2083,144,217
2084,179,257
2085,106,210
2086,167,242
2087,217,224
2088,142,233
2089,109,268
2090,181,256
2091,180,229
2092,010,271
2093,125,251
2094,123,261
2095,079,228
2096,183,264
2097,078,259
2098,194,248
2099,190,262
2100,157,220
