year,firstday,lastday
2015,192,273
2016,164,266
2017,137,242
2018,175,248
2019,046,245
2020,171,261
2021,125,258
2022,192,261
2023,181,261
2024,134,279
2025,169,290
2026,165,249
2027,133,345
2028,171,274
2029,139,263
2030,168,260
2031,182,266
2032,124,274
2033,142,272
2034,146,266
2035,121,273
2036,186,265
2037,120,264
2038,143,254
2039,136,231
2040,185,263
2041,183,254
2042,124,255
2043,182,333
2044,133,273
2045,136,252
2046,177,253
2047,168,282
2048,043,274
2049,146,284
2050,135,261
2051,138,251
2052,125,267
2053,179,283
2054,171,282
2055,153,280
2056,140,276
2057,134,267
2058,162,274
2059,167,268
2060,180,288
2061,141,271
2062,171,265
2063,143,271
2064,153,273
2065,128,274
2066,153,260
2067,162,331
2068,151,277
2069,138,296
2070,156,257
2071,165,249
2072,141,261
2073,140,255
2074,120,271
2075,125,289
2076,147,239
2077,152,279
2078,131,278
2079,156,267
2080,133,293
2081,181,250
2082,135,276
2083,134,302
2084,145,304
2085,118,263
2086,139,273
2087,133,275
2088,149,281
2089,129,314
2090,126,294
2091,142,267
2092,146,275
2093,161,293
2094,163,263
2095,160,292
2096,130,297
2097,148,293
2098,131,284
2099,137,292
2100,147,263
