year,firstday,lastday
2015,154,256
2016,133,227
2017,144,240
2018,149,247
2019,182,251
2020,171,262
2021,161,259
2022,172,262
2023,167,265
2024,170,297
2025,199,243
2026,163,252
2027,143,272
2028,166,245
2029,171,263
2030,154,270
2031,163,246
2032,167,266
2033,168,273
2034,154,263
2035,134,262
2036,185,291
2037,170,253
2038,169,232
2039,158,271
2040,172,252
2041,140,263
2042,144,257
2043,179,303
2044,158,251
2045,182,270
2046,180,220
2047,169,268
2048,178,270
2049,173,271
2050,143,349
2051,173,263
2052,182,262
2053,150,263
2054,172,256
2055,164,288
2056,180,261
2057,182,264
2058,174,246
2059,123,261
2060,150,276
2061,120,250
2062,138,222
2063,127,276
2064,118,254
2065,182,279
2066,175,274
2067,119,255
2068,120,276
2069,122,258
2070,184,281
2071,149,253
2072,175,286
2073,157,263
2074,135,258
2075,138,260
2076,150,267
2077,158,266
2078,162,257
2079,152,267
2080,117,265
2081,171,265
2082,168,259
2083,152,254
2084,153,335
2085,151,297
2086,149,281
2087,161,263
2088,159,272
2089,143,267
2090,140,269
2091,122,259
2092,170,270
2093,176,281
2094,180,330
2095,127,316
2096,135,278
2097,162,295
2098,023,260
2099,148,266
2100,129,245
