year,firstday,lastday
2015,154,234
2016,164,267
2017,171,270
2018,151,226
2019,182,251
2020,174,267
2021,161,238
2022,173,262
2023,178,264
2024,171,299
2025,187,229
2026,177,235
2027,160,255
2028,166,235
2029,181,263
2030,161,270
2031,167,301
2032,180,252
2033,182,278
2034,168,263
2035,131,262
2036,185,290
2037,158,253
2038,181,240
2039,187,264
2040,182,252
2041,182,263
2042,153,257
2043,177,255
2044,158,243
2045,181,270
2046,171,225
2047,165,268
2048,180,270
2049,168,271
2050,173,266
2051,204,266
2052,182,263
2053,157,264
2054,190,256
2055,182,288
2056,183,262
2057,177,240
2058,196,246
2059,131,261
2060,159,277
2061,118,251
2062,138,226
2063,181,275
2064,118,254
2065,133,259
2066,180,261
2067,131,255
2068,157,276
2069,147,258
2070,188,263
2071,149,267
2072,182,286
2073,177,263
2074,185,248
2075,157,260
2076,151,267
2077,172,266
2078,160,245
2079,165,267
2080,168,265
2081,173,317
2082,170,245
2083,186,254
2084,184,335
2085,151,282
2086,142,281
2087,161,276
2088,159,272
2089,143,252
2090,183,269
2091,122,259
2092,170,270
2093,145,282
2094,180,330
2095,144,316
2096,174,255
2097,177,296
2098,193,260
2099,150,266
2100,181,245
