year,firstday,lastday
2015,167,261
2016,188,241
2017,188,246
2018,181,246
2019,182,248
2020,190,205
2021,193,230
2022,182,243
2023,158,273
2024,184,217
2025,188,246
2026,178,234
2027,132,244
2028,180,248
2029,186,230
2030,176,243
2031,166,239
2032,202,240
2033,181,239
2034,166,246
2035,187,196
2036,190,233
2037,174,184
2038,162,245
2039,180,252
2040,195,235
2041,192,236
2042,165,222
2043,174,241
2044,178,224
2045,204,243
2046,163,244
2047,183,244
2048,175,212
2049,151,245
2050,184,239
2051,217,224
2052,164,242
2053,155,234
2054,181,233
2055,165,264
2056,214,240
2057,180,265
2058,161,254
2059,161,231
2060,182,240
2061,147,216
2062,184,241
2063,155,247
2064,146,234
2065,155,237
2066,163,243
2067,161,255
2068,166,215
2069,185,231
2070,179,276
2071,159,245
2072,173,227
2073,202,231
2074,167,247
2075,176,254
2076,121,255
2077,158,213
2078,146,198
2079,155,263
2080,178,239
2081,201,247
2082,170,250
2083,168,216
2084,189,217
2085,164,276
2086,177,256
2087,193,243
2088,188,265
2089,172,252
2090,158,214
2091,157,263
2092,153,219
2093,184,194
2094,171,257
2095,153,247
2096,182,226
2097,159,258
2098,166,208
2099,143,268
2100,171,239
