year,firstday,lastday
2015,167,282
2016,173,276
2017,149,265
2018,177,270
2019,166,252
2020,159,216
2021,156,262
2022,164,253
2023,177,265
2024,152,268
2025,180,252
2026,177,270
2027,180,273
2028,140,260
2029,168,261
2030,167,223
2031,149,260
2032,167,255
2033,176,250
2034,163,258
2035,155,218
2036,174,277
2037,180,268
2038,181,214
2039,161,256
2040,175,265
2041,152,271
2042,151,262
2043,176,234
2044,155,268
2045,179,271
2046,170,265
2047,182,269
2048,179,279
2049,174,271
2050,182,273
2051,182,263
2052,175,271
2053,182,264
2054,172,259
2055,182,264
2056,183,264
2057,179,264
2058,182,255
2059,164,274
2060,179,274
2061,132,267
2062,178,259
2063,160,250
2064,181,272
2065,181,262
2066,181,262
2067,162,259
2068,182,268
2069,145,272
2070,182,272
2071,149,278
2072,188,287
2073,180,265
2074,165,266
2075,150,212
2076,183,273
2077,163,266
2078,173,215
2079,175,267
2080,134,265
2081,161,318
2082,177,260
2083,182,253
2084,153,335
2085,167,298
2086,152,272
2087,180,267
2088,160,255
2089,176,252
2090,181,261
2091,128,263
2092,174,249
2093,149,264
2094,175,263
2095,168,316
2096,174,265
2097,182,296
2098,182,269
2099,153,266
2100,164,260
