year,firstday,lastday
2015,112,214
2016,127,201
2017,094,214
2018,135,200
2019,125,196
2020,133,196
2021,124,207
2022,133,206
2023,123,209
2024,130,214
2025,139,212
2026,119,246
2027,121,282
2028,140,214
2029,130,279
2030,126,212
2031,120,213
2032,124,280
2033,133,291
2034,103,202
2035,107,201
2036,142,213
2037,113,211
2038,116,214
2039,127,208
2040,120,196
2041,120,197
2042,121,239
2043,124,214
2044,144,237
2045,135,279
2046,123,227
2047,122,276
2048,136,247
2049,130,251
2050,135,256
2051,131,276
2052,128,225
2053,131,249
2054,120,230
2055,134,237
2056,123,261
2057,132,234
2058,144,266
2059,123,248
2060,131,238
2061,126,269
2062,120,245
2063,135,246
2064,142,271
2065,133,270
2066,125,279
2067,138,271
2068,125,248
2069,089,261
2070,122,258
2071,131,259
2072,152,254
2073,122,260
2074,120,268
2075,130,225
2076,125,265
2077,138,265
2078,149,293
2079,107,254
2080,133,256
2081,166,249
2082,095,274
2083,110,267
2084,139,287
2085,131,266
2086,139,264
2087,151,275
2088,125,260
2089,125,282
2090,148,267
2091,118,275
2092,151,282
2093,128,265
2094,130,282
2095,142,289
2096,137,357
2097,130,254
2098,103,287
2099,133,299
2100,142,251
