year,firstday,lastday
2015,171,234
2016,164,267
2017,195,270
2018,182,226
2019,182,241
2020,174,267
2021,178,238
2022,173,218
2023,178,264
2024,181,246
2025,212,229
2026,177,235
2027,160,255
2028,166,222
2029,181,263
2030,179,270
2031,167,301
2032,180,252
2033,182,278
2034,168,263
2035,131,262
2036,185,271
2037,179,253
2038,181,240
2039,187,264
2040,182,252
2041,182,263
2042,153,257
2043,177,255
2044,158,243
2045,181,252
2046,171,225
2047,165,268
2048,180,270
2049,168,271
2050,173,266
2051,204,266
2052,182,263
2053,177,264
2054,190,243
2055,182,277
2056,183,262
2057,177,240
2058,196,205
2059,192,261
2060,182,277
2061,118,251
2062,182,226
2063,192,253
2064,182,254
2065,182,259
2066,180,261
2067,131,255
2068,157,276
2069,147,258
2070,188,263
2071,149,253
2072,182,262
2073,177,215
2074,185,248
2075,157,260
2076,190,267
2077,172,266
2078,160,245
2079,181,267
2080,168,265
2081,173,213
2082,170,245
2083,186,254
2084,184,256
2085,151,266
2086,142,281
2087,173,262
2088,159,251
2089,189,252
2090,183,269
2091,122,259
2092,170,270
2093,145,273
2094,180,265
2095,144,265
2096,174,255
2097,177,272
2098,193,260
2099,176,266
2100,181,245
