year,firstday,lastday
2015,182,257
2016,183,273
2017,182,256
2018,137,260
2019,178,266
2020,183,263
2021,179,272
2022,182,217
2023,179,257
2024,133,262
2025,154,213
2026,167,264
2027,182,253
2028,168,274
2029,186,256
2030,165,265
2031,134,269
2032,183,232
2033,131,273
2034,182,263
2035,183,214
2036,183,264
2037,177,261
2038,126,257
2039,180,216
2040,142,273
2041,172,259
2042,175,282
2043,124,255
2044,131,291
2045,182,237
2046,173,255
2047,180,214
2048,139,294
2049,129,213
2050,148,213
2051,140,259
2052,125,270
2053,174,274
2054,166,215
2055,150,256
2056,132,270
2057,157,268
2058,165,277
2059,133,268
2060,151,213
2061,139,267
2062,117,266
2063,145,271
2064,169,259
2065,152,220
2066,177,260
2067,157,266
2068,184,261
2069,144,274
2070,157,264
2071,144,259
2072,140,213
2073,129,253
2074,173,269
2075,125,247
2076,146,258
2077,152,278
2078,131,278
2079,152,244
2080,133,269
2081,166,256
2082,135,276
2083,133,254
2084,145,272
2085,116,237
2086,139,273
2087,147,275
2088,151,281
2089,137,263
2090,181,249
2091,143,276
2092,147,266
2093,156,291
2094,150,283
2095,160,280
2096,186,297
2097,129,268
2098,130,284
2099,138,249
2100,142,261
