year,firstday,lastday
2015,167,215
2016,173,262
2017,179,265
2018,177,270
2019,166,252
2020,159,216
2021,180,214
2022,164,253
2023,177,255
2024,152,213
2025,180,218
2026,177,270
2027,180,273
2028,140,219
2029,168,261
2030,167,223
2031,173,260
2032,167,255
2033,176,250
2034,163,213
2035,155,218
2036,174,277
2037,180,268
2038,181,214
2039,176,256
2040,175,265
2041,152,271
2042,151,227
2043,176,234
2044,155,268
2045,179,271
2046,170,265
2047,182,269
2048,179,279
2049,174,271
2050,182,273
2051,182,248
2052,175,271
2053,182,250
2054,182,259
2055,182,264
2056,183,264
2057,179,264
2058,182,255
2059,182,261
2060,179,274
2061,182,251
2062,178,259
2063,182,250
2064,181,272
2065,181,232
2066,181,262
2067,176,259
2068,182,252
2069,145,272
2070,182,272
2071,182,260
2072,188,267
2073,180,265
2074,165,266
2075,150,212
2076,183,273
2077,163,257
2078,173,215
2079,175,254
2080,153,265
2081,171,318
2082,177,260
2083,182,253
2084,153,253
2085,167,266
2086,152,272
2087,180,267
2088,180,235
2089,176,212
2090,181,261
2091,128,263
2092,183,249
2093,180,264
2094,175,263
2095,168,265
2096,174,265
2097,182,255
2098,182,269
2099,176,266
2100,175,260
