year,firstday,lastday
2015,174,256
2016,165,227
2017,144,240
2018,158,247
2019,182,251
2020,171,262
2021,161,240
2022,172,239
2023,188,229
2024,170,297
2025,212,226
2026,180,235
2027,160,272
2028,166,245
2029,171,263
2030,154,270
2031,171,246
2032,167,266
2033,168,249
2034,154,263
2035,165,250
2036,185,271
2037,170,253
2038,169,232
2039,158,271
2040,190,252
2041,180,263
2042,157,257
2043,179,254
2044,158,242
2045,182,252
2046,180,211
2047,186,268
2048,178,270
2049,173,271
2050,143,266
2051,173,247
2052,182,262
2053,150,263
2054,190,256
2055,164,288
2056,180,261
2057,182,264
2058,174,246
2059,198,261
2060,150,276
2061,189,250
2062,181,222
2063,181,276
2064,167,254
2065,182,259
2066,175,261
2067,131,255
2068,162,276
2069,122,258
2070,184,281
2071,149,253
2072,175,265
2073,175,263
2074,135,246
2075,170,260
2076,150,267
2077,158,266
2078,174,245
2079,164,267
2080,164,265
2081,171,218
2082,168,245
2083,174,254
2084,184,335
2085,151,282
2086,168,281
2087,241,263
2088,159,251
2089,143,252
2090,140,269
2091,122,259
2092,170,270
2093,176,273
2094,180,265
2095,142,265
2096,135,255
2097,177,272
2098,156,260
2099,148,266
2100,129,245
