year,firstday,lastday
2015,174,219
2016,214,267
2017,153,214
2018,118,134
2019,218,234
2020,180,204
2021,137,246
2022,182,194
2023,186,201
2024,179,239
2025,167,197
2026,173,252
2027,162,245
2028,False,False
2029,192,262
2030,139,150
2031,135,271
2032,False,False
2033,204,244
2034,118,207
2035,099,180
2036,129,197
2037,163,244
2038,False,False
2039,236,248
2040,138,243
2041,182,244
2042,175,216
2043,179,249
2044,False,False
2045,False,False
2046,205,221
2047,201,212
2048,175,222
2049,140,157
2050,227,238
2051,177,272
2052,183,242
2053,180,216
2054,False,False
2055,183,250
2056,186,255
2057,False,False
2058,142,222
2059,122,250
2060,115,127
2061,259,269
2062,161,218
2063,191,212
2064,089,236
2065,142,259
2066,104,256
2067,217,228
2068,231,245
2069,236,248
2070,173,223
2071,171,254
2072,159,231
2073,140,190
2074,176,246
2075,198,215
2076,197,270
2077,163,267
2078,219,264
2079,138,207
2080,203,216
2081,175,269
2082,143,236
2083,123,260
2084,181,258
2085,163,198
2086,175,186
2087,189,227
2088,165,246
2089,153,249
2090,159,184
2091,147,244
2092,172,270
2093,168,244
2094,140,177
2095,226,240
2096,115,135
2097,150,240
2098,217,257
2099,173,257
2100,172,261
